escola

self.ground_color_intervals = ([335, 360, 80, 95, 65, 85], 
                                [245, 295, 10, 35, 15, 35], 
                                [210, 235, 70, 80, 20, 55], 
                                [35, 55, 45, 60, 80, 100], 
                                [205, 225, 0, 30, 90, 100]) # [0] and [1] = H, [2] and [3] = S, [4] and [5] = V



competição - reserva

self.ground_color_intervals = ([335, 365, 80, 97, 65, 90], 
                                       [235, 300, 10, 30, 10, 35], 
                                       [210, 235, 75, 90, 25, 60], 
                                       [45, 65, 45, 60, 80, 100], 
                                       [200, 220, 0, 30, 90, 100]) # [0] and [1] = H, [2] and [3] = S, [4] and [5] = V



competição - oficial

self.ground_color_intervals = ([330, 360, 80, 90, 65, 90], 
                                       [295, 335, 10, 20, 10, 30], 
                                       [210, 240, 75, 85, 30, 60], 
                                       [35, 50, 55, 70, 90, 100], 
                                       [210, 230, 0, 35, 90, 100]) # [0] and [1] = H, [2] and [3] = S, [4] and [5] = V